31.415000000000003 78.53750000000001
40 171
25.132 50.264
29 34.977671449083054
28 33
-1 -1
61 155.51925925749518
-1 -1
-1 -1
62 195
88 304
81.679 530.9135
60 200
-1 -1
-1 -1
52 72
56 70
33 36.97887910686315
34 42
92 378
68 162
50.264 201.056
-1 -1
64 217.94494717703367
-1 -1
37.698 113.09400000000001
-1 -1
-1 -1
-1 -1
-1 -1
40 74.43515107780955
-1 -1
-1 -1
46 6
6.283 3.1415
50 82.27241335952168
125.66000000000001 1256.6000000000001
70 48
88 308
42 72
84 374
150.792 1809.5040000000001
42 20
31.415000000000003 78.53750000000001
-1 -1
43 77.95150736194907
131.943 1385.4015000000002
63 182.99846310830046
96 576
-1 -1
-1 -1
40 23
37.698 113.09400000000001
21 8.181534085976786
-1 -1
-1 -1
48 51.59194118330622
24 24
32 28
26 40
68 300
48 45
50 100
86 462
54 140
42 21
90 396
20 9
84 440
18.849 28.273500000000002
12.566 12.566
82 38
44 85
58 190
-1 -1
76 325
56 44
-1 -1
36 30
31.415000000000003 78.53750000000001
26 51
75.396 452.37600000000003
46 102
96 575
90 506
72 323
31 19.13602623325961
-1 -1
87.962 615.734
75.396 452.37600000000003
131.943 1385.4015000000002
-1 -1
31.415000000000003 78.53750000000001
59 184.07445948800847
-1 -1
69.113 380.1215
-1 -1
46 60
32 84
72 288
52 99.80449639169571
-1 -1
50 154
66 242
-1 -1
66 27
94.245 706.8375000000001
-1 -1
66 230
-1 -1
25.132 50.264
74 144
-1 -1
50 99
96 575
31.415000000000003 78.53750000000001
21 12.442925254492566
52 105
-1 -1
-1 -1
61 146.71260969579268
-1 -1
-1 -1
24 35
-1 -1
74 300
69.113 380.1215
62 48
-1 -1
32 36
74 336
-1 -1
66 242
88 550
106.811 907.8935
88 475
-1 -1
12.566 12.566
46 60
70 306
-1 -1
56 119
25.132 50.264
66 28
42 168
76 357
50.264 201.056
-1 -1
-1 -1
53 109.61038956230381
70 264
36 12
-1 -1
92 294
56 132
-1 -1
52 70
-1 -1
42 171
44 25
54 36
-1 -1
-1 -1
54 90.0
144.50900000000001 1661.8535000000002
43 69.26173185822023
-1 -1
-1 -1
37.698 113.09400000000001
32 25
69.113 380.1215
32 30
46 81.38795979750321
21 4.993746088859544
26 8
-1 -1
-1 -1
48 161
-1 -1
-1 -1
31.415000000000003 78.53750000000001
48 99
-1 -1
69.113 380.1215
-1 -1
-1 -1
49 109.10516715536437
87.962 615.734
76 345
-1 -1
38 64.06246951218786
-1 -1
-1 -1
56 273
125.66000000000001 1256.6000000000001
82 418
64 168
-1 -1
60 73.10095758606722
-1 -1
48 25
44 18
54 87.72114910328068
-1 -1
43.981 153.9335
138.226 1520.486
53 105.68082844111318
46 126
-1 -1
31 20.87911636061258
36 21
56 112
100.528 804.224
58 133.2216198670471
51 112.47749774954988
-1 -1
94.245 706.8375000000001
-1 -1
6.283 3.1415
26 24
49 25.660037022576564
-1 -1
55 148.82351124738324
106.811 907.8935
-1 -1
-1 -1
113.09400000000001 1017.846
100.528 804.224
-1 -1
-1 -1
18.849 28.273500000000002
17 7.644442425710328
106.811 907.8935
70 300
31.415000000000003 78.53750000000001
47 133.472609549675
40 48
48 132
20 18.973665961010276
75.396 452.37600000000003
52 2
-1 -1
-1 -1
36 54
-1 -1
-1 -1
23 11.053845484717073
58 72
-1 -1
26 42
50.264 201.056
-1 -1
78 374
94.245 706.8375000000001
113.09400000000001 1017.846
-1 -1
50.264 201.056
-1 -1
14 34
56 108
-1 -1
-1 -1
-1 -1
71 261.8785927367776
50.264 201.056
60 216
-1 -1
-1 -1
-1 -1
20 21
-1 -1
45 74.15144974981946
42 75
74 340
150.792 1809.5040000000001
-1 -1
87.962 615.734
-1 -1
70 304
44 85
52 88
119.37700000000001 1134.0815
70 240
-1 -1
-1 -1
56.547000000000004 254.4615
-1 -1
-1 -1
47 77.12611425451175
-1 -1
52 8
-1 -1
63 200.80821073850538
-1 -1
54 195
20 9
20 16
34 72
72 238
87.962 615.734
53 106.9179007463203
42 104
79 351.2536796960282
33 13.395428324618814
-1 -1
43.981 153.9335
31.415000000000003 78.53750000000001
44 56.28498911788115
30 14
-1 -1
64 60
55 139.744185925569
94 550
15 7.999023377888078
-1 -1
-1 -1
86 460
16 8.94427190999916
-1 -1
43.981 153.9335
32 176
46 76
46 76
-1 -1
16 8
30 50
81.679 530.9135
-1 -1
42 87.30979326513149
18.849 28.273500000000002
-1 -1
-1 -1
18.849 28.273500000000002
38 34
-1 -1
-1 -1
24 36
94.245 706.8375000000001
-1 -1
50.264 201.056
-1 -1
24 60
63 188.17528397746608
44 242
56 113.73653766490345
12.566 12.566
-1 -1
54 50
-1 -1
-1 -1
27 26.906086671978144
82 400
54 162
40 69.2820323027551
12.566 12.566
-1 -1
78 170
86 140
90 220
69 229.31862667764761
-1 -1
157.07500000000002 1963.4375
56 96
32 96
36 80
-1 -1
-1 -1
74 24
38 125
46 112
27 34.197039345533994
80 396
30 14
37.698 113.09400000000001
48 132
52 44
88 80
37 64.7857044416436
150.792 1809.5040000000001
113.09400000000001 1017.846
75.396 452.37600000000003
131.943 1385.4015000000002
50 74.83314773547883
53 129.63385938866435
44 66
59 65.43114224129057
30 40.98780306383839
-1 -1
6.283 3.1415
47 64.69882147303767
-1 -1
64 192
-1 -1
70 300
-1 -1
32 39
-1 -1
81.679 530.9135
106.811 907.8935
43.981 153.9335
32 20
-1 -1
-1 -1
38 36.98648401781386
24 14.696938456699069
38 59.924953066314536
52 54
34 175
-1 -1
-1 -1
113.09400000000001 1017.846
70 231
31.415000000000003 78.53750000000001
-1 -1
43.981 153.9335
64 252
81.679 530.9135
28 33
33 13.395428324618814
38 42
-1 -1
74 68
32 60
42 40
88 252
51 34.210810302044756
54 170
-1 -1
87.962 615.734
-1 -1
-1 -1
150.792 1809.5040000000001
56 75
-1 -1
150.792 1809.5040000000001
81.679 530.9135
-1 -1
56.547000000000004 254.4615
68 247.76781245530842
76 352
87.962 615.734
-1 -1
-1 -1
38 38.24918299781056
-1 -1
60 144
60 221
-1 -1
40 91
64 104
22 8
76 352
67 145.8641243535829
40 48
-1 -1
80 396
138.226 1520.486
-1 -1
63 190.09060339743257
81.679 530.9135
52 120
-1 -1
-1 -1
62.830000000000005 314.15000000000003
50 240
6.283 3.1415
-1 -1
-1 -1
10 13
-1 -1
80 391
-1 -1
61 178.73146757076663
131.943 1385.4015000000002
100.528 804.224
94.245 706.8375000000001
-1 -1
34 34.9857113690718
41 59.358550352918826
54 144
18 8
32 15
-1 -1
-1 -1
-1 -1
48 80.42853971072705
62.830000000000005 314.15000000000003
48 135
43.981 153.9335
26 22
96 576
51 83.8357769690244
58 154
12.566 12.566
34 16
58 160.74513989542575
32 15
131.943 1385.4015000000002
40 84
53 108.44353369380768
31.415000000000003 78.53750000000001
40 171
25.132 50.264
29 34.977671449083054
28 33
-1 -1
61 155.51925925749518
-1 -1
-1 -1
62 195
88 304
81.679 530.9135
60 200
-1 -1
-1 -1
52 72
56 70
33 36.97887910686315
34 42
92 378
68 162
50.264 201.056
-1 -1
64 217.94494717703367
-1 -1
37.698 113.09400000000001
-1 -1
-1 -1
-1 -1
-1 -1
40 74.43515107780955
-1 -1
-1 -1
46 6
6.283 3.1415
50 82.27241335952168
125.66000000000001 1256.6000000000001
70 48
88 308
42 72
84 374
150.792 1809.5040000000001
42 20
31.415000000000003 78.53750000000001
-1 -1
43 77.95150736194907
131.943 1385.4015000000002
63 182.99846310830046
96 576
-1 -1
-1 -1
40 23
37.698 113.09400000000001
21 8.181534085976786
-1 -1
-1 -1
48 51.59194118330622
24 24
32 28
26 40
68 300
48 45
50 100
86 462
54 140
42 21
90 396
20 9
84 440
18.849 28.273500000000002
12.566 12.566
82 38
44 85
58 190
-1 -1
76 325
56 44
-1 -1
36 30
31.415000000000003 78.53750000000001
26 51
75.396 452.37600000000003
46 102
96 575
90 506
72 323
31 19.13602623325961
-1 -1
87.962 615.734
75.396 452.37600000000003
131.943 1385.4015000000002
-1 -1
31.415000000000003 78.53750000000001
59 184.07445948800847
-1 -1
69.113 380.1215
-1 -1
46 60
32 84
72 288
52 99.80449639169571
-1 -1
50 154
66 242
-1 -1
66 27
94.245 706.8375000000001
-1 -1
66 230
-1 -1
25.132 50.264
74 144
-1 -1
50 99
96 575
31.415000000000003 78.53750000000001
21 12.442925254492566
52 105
-1 -1
-1 -1
61 146.71260969579268
-1 -1
-1 -1
24 35
-1 -1
74 300
69.113 380.1215
62 48
-1 -1
32 36
74 336
-1 -1
66 242
88 550
106.811 907.8935
88 475
-1 -1
12.566 12.566
46 60
70 306
-1 -1
56 119
25.132 50.264
66 28
42 168
76 357
50.264 201.056
-1 -1
-1 -1
53 109.61038956230381
70 264
36 12
-1 -1
92 294
56 132
-1 -1
52 70
-1 -1
42 171
44 25
54 36
-1 -1
-1 -1
54 90.0
144.50900000000001 1661.8535000000002
43 69.26173185822023
-1 -1
-1 -1
37.698 113.09400000000001
32 25
69.113 380.1215
32 30
46 81.38795979750321
21 4.993746088859544
26 8
-1 -1
-1 -1
48 161
-1 -1
-1 -1
31.415000000000003 78.53750000000001
48 99
-1 -1
69.113 380.1215
-1 -1
-1 -1
49 109.10516715536437
87.962 615.734
76 345
-1 -1
38 64.06246951218786
-1 -1
-1 -1
56 273
125.66000000000001 1256.6000000000001
82 418
64 168
-1 -1
60 73.10095758606722
-1 -1
48 25
44 18
54 87.72114910328068
-1 -1
43.981 153.9335
138.226 1520.486
53 105.68082844111318
46 126
-1 -1
31 20.87911636061258
36 21
56 112
100.528 804.224
58 133.2216198670471
51 112.47749774954988
-1 -1
94.245 706.8375000000001
-1 -1
6.283 3.1415
26 24
49 25.660037022576564
-1 -1
55 148.82351124738324
106.811 907.8935
-1 -1
-1 -1
113.09400000000001 1017.846
100.528 804.224
-1 -1
-1 -1
18.849 28.273500000000002
17 7.644442425710328
106.811 907.8935
70 300
31.415000000000003 78.53750000000001
47 133.472609549675
40 48
48 132
20 18.973665961010276
75.396 452.37600000000003
52 2
-1 -1
-1 -1
36 54
-1 -1
-1 -1
23 11.053845484717073
58 72
-1 -1
26 42
50.264 201.056
-1 -1
78 374
94.245 706.8375000000001
113.09400000000001 1017.846
-1 -1
50.264 201.056
-1 -1
14 34
56 108
-1 -1
-1 -1
-1 -1
71 261.8785927367776
50.264 201.056
60 216
-1 -1
-1 -1
-1 -1
20 21
-1 -1
45 74.15144974981946
42 75
74 340
150.792 1809.5040000000001
-1 -1
87.962 615.734
-1 -1
70 304
44 85
52 88
119.37700000000001 1134.0815
70 240
-1 -1
-1 -1
56.547000000000004 254.4615
-1 -1
-1 -1
47 77.12611425451175
-1 -1
52 8
-1 -1
63 200.80821073850538
-1 -1
54 195
20 9
20 16
34 72
72 238
87.962 615.734
53 106.9179007463203
42 104
79 351.2536796960282
33 13.395428324618814
-1 -1
43.981 153.9335
31.415000000000003 78.53750000000001
44 56.28498911788115
30 14
-1 -1
64 60
55 139.744185925569
94 550
15 7.999023377888078
-1 -1
-1 -1
86 460
16 8.94427190999916
-1 -1
43.981 153.9335
32 176
46 76
46 76
-1 -1
16 8
30 50
81.679 530.9135
-1 -1
42 87.30979326513149
18.849 28.273500000000002
-1 -1
-1 -1
18.849 28.273500000000002
38 34
-1 -1
-1 -1
24 36
94.245 706.8375000000001
-1 -1
50.264 201.056
-1 -1
24 60
63 188.17528397746608
44 242
56 113.73653766490345
12.566 12.566
-1 -1
54 50
-1 -1
-1 -1
27 26.906086671978144
82 400
54 162
40 69.2820323027551
12.566 12.566
-1 -1
78 170
86 140
90 220
69 229.31862667764761
-1 -1
157.07500000000002 1963.4375
56 96
32 96
36 80
-1 -1
-1 -1
74 24
38 125
46 112
27 34.197039345533994
80 396
30 14
37.698 113.09400000000001
48 132
52 44
88 80
37 64.7857044416436
150.792 1809.5040000000001
113.09400000000001 1017.846
75.396 452.37600000000003
131.943 1385.4015000000002
50 74.83314773547883
53 129.63385938866435
44 66
59 65.43114224129057
30 40.98780306383839
-1 -1
6.283 3.1415
47 64.69882147303767
-1 -1
64 192
-1 -1
70 300
-1 -1
32 39
-1 -1
81.679 530.9135
106.811 907.8935
43.981 153.9335
32 20
-1 -1
-1 -1
38 36.98648401781386
24 14.696938456699069
38 59.924953066314536
52 54
34 175
-1 -1
-1 -1
113.09400000000001 1017.846
70 231
31.415000000000003 78.53750000000001
-1 -1
43.981 153.9335
64 252
81.679 530.9135
28 33
33 13.395428324618814
38 42
-1 -1
74 68
32 60
42 40
88 252
51 34.210810302044756
54 170
-1 -1
87.962 615.734
-1 -1
-1 -1
150.792 1809.5040000000001
56 75
-1 -1
150.792 1809.5040000000001
81.679 530.9135
-1 -1
56.547000000000004 254.4615
68 247.76781245530842
76 352
87.962 615.734
-1 -1
-1 -1
38 38.24918299781056
-1 -1
60 144
60 221
-1 -1
40 91
64 104
22 8
76 352
67 145.8641243535829
40 48
-1 -1
80 396
138.226 1520.486
-1 -1
63 190.09060339743257
81.679 530.9135
52 120
-1 -1
-1 -1
62.830000000000005 314.15000000000003
50 240
6.283 3.1415
-1 -1
-1 -1
10 13
-1 -1
80 391
-1 -1
61 178.73146757076663
131.943 1385.4015000000002
100.528 804.224
94.245 706.8375000000001
-1 -1
34 34.9857113690718
41 59.358550352918826
54 144
18 8
32 15
-1 -1
-1 -1
-1 -1
48 80.42853971072705
62.830000000000005 314.15000000000003
48 135
43.981 153.9335
26 22
96 576
51 83.8357769690244
58 154
12.566 12.566
34 16
58 160.74513989542575
32 15
131.943 1385.4015000000002
40 84
53 108.44353369380768
