60 176
-1 -1
-1 -1
125.66000000000001 1256.6000000000001
44 72
-1 -1
60 225
31 17.66175246118006
-1 -1
-1 -1
76 276.6658634526493
-1 -1
60 172.33687939614086
28 40
-1 -1
18.849 28.273500000000002
54 73.48469228349535
-1 -1
-1 -1
125.66000000000001 1256.6000000000001
34 66
-1 -1
40 38.14044936220627
47 77.38390064162182
31.415000000000003 78.53750000000001
138.226 1520.486
26 40
25.132 50.264
70 304
-1 -1
46 49.14264950122246
82 420
56 80
44 20
24 26.832815729997478
26 24
81.679 530.9135
-1 -1
157.07500000000002 1963.4375
100.528 804.224
51 96.58252219604746
28 40
6.283 3.1415
68 285
37.698 113.09400000000001
-1 -1
125.66000000000001 1256.6000000000001
26 22
-1 -1
-1 -1
64 140
66 32
53 90.54522350737227
47 28.318501019651446
-1 -1
70 306
157.07500000000002 1963.4375
48 63
56.547000000000004 254.4615
51 114.2230700087431
157.07500000000002 1963.4375
119.37700000000001 1134.0815
-1 -1
-1 -1
52 25
10 4
21 20.33316256758894
68 280
46 4
-1 -1
-1 -1
58 180
58 120
22 30
-1 -1
45 91.9017818108006
62 150
25.132 50.264
-1 -1
58 32
45 30.937210109959096
66 272
-1 -1
94 552
-1 -1
10 16
37.698 113.09400000000001
46 64.34283176858165
-1 -1
56 171
-1 -1
54 170
56 216
44 117
46 44
50 156
54 145.44949486180954
50 36
-1 -1
-1 -1
34 52
56.547000000000004 254.4615
-1 -1
-1 -1
86 456
82 361
-1 -1
18 10
56 75
6.283 3.1415
51 73.45575198716571
57 124.76179172533246
80 400
-1 -1
-1 -1
-1 -1
58 48
53 110.3333018630368
12.566 12.566
-1 -1
46 112
100 100
40 3
144.50900000000001 1661.8535000000002
-1 -1
-1 -1
-1 -1
-1 -1
30 48
76 352
43.981 153.9335
28 110
38 48
100 100
-1 -1
48 5
-1 -1
157.07500000000002 1963.4375
61 153.38493244122773
50.264 201.056
131.943 1385.4015000000002
68 126
80 270
100.528 804.224
28 48
68 225
48 63.874877690685246
81.679 530.9135
-1 -1
56 75
60 50
81.679 530.9135
-1 -1
131.943 1385.4015000000002
-1 -1
42 10
62.830000000000005 314.15000000000003
31.415000000000003 78.53750000000001
52 264
-1 -1
-1 -1
69.113 380.1215
16 23
16 8
20 9
70 192
38 27
20 5
-1 -1
-1 -1
-1 -1
62 171.15782190715095
-1 -1
125.66000000000001 1256.6000000000001
-1 -1
100.528 804.224
52 48
37 68.22756041366274
56 114.47270417003348
-1 -1
18.849 28.273500000000002
-1 -1
-1 -1
60 216
10 6
58 90
65 200.23735915158292
-1 -1
131.943 1385.4015000000002
38 65.23802572120036
58 190
150.792 1809.5040000000001
50 103.70899457402697
12.566 12.566
-1 -1
-1 -1
-1 -1
-1 -1
84 252
56 160
42 23
60 200
58 198
74 210
-1 -1
40 99
44 105
-1 -1
40 72
157.07500000000002 1963.4375
52 105.18525324397903
-1 -1
64 183.3030277982336
84 432
51 103.81202964974725
56 171
56 77
-1 -1
58 102
74 312
58 139.59942693292118
30 56
26 66
67 226.38117744194193
48 23
36 30.59411708155671
119.37700000000001 1134.0815
50 104
60 161
70 249.84795376388414
-1 -1
58 36
60 144
-1 -1
53 121.47916488023779
-1 -1
87.962 615.734
70 264
54 180
-1 -1
-1 -1
-1 -1
53 124.44250680535168
-1 -1
-1 -1
10 4
25.132 50.264
-1 -1
56.547000000000004 254.4615
50.264 201.056
75.396 452.37600000000003
50 66
-1 -1
-1 -1
69.113 380.1215
-1 -1
72 275
24 35
52 119.58260743101398
30 18
-1 -1
-1 -1
92 220
50 80
25.132 50.264
-1 -1
37.698 113.09400000000001
69 260.9422529507247
56 14
72 294
-1 -1
-1 -1
-1 -1
-1 -1
-1 -1
-1 -1
119.37700000000001 1134.0815
-1 -1
62 228
87.962 615.734
66 216
-1 -1
62 184
38 35
62 238
150.792 1809.5040000000001
60 139.427400463467
48 44
62 238
-1 -1
-1 -1
-1 -1
-1 -1
58 174.28425057933376
72 280.59223082615813
18 76
52 105
58 110
56 147
113.09400000000001 1017.846
-1 -1
52 6
43.981 153.9335
51 119.56562005861049
50.264 201.056
-1 -1
32 48
-1 -1
70 272
-1 -1
50 2
-1 -1
37.698 113.09400000000001
94.245 706.8375000000001
70 288
80 375
-1 -1
-1 -1
52 64.4980619863884
-1 -1
32 28
72 345
38 68
-1 -1
-1 -1
87.962 615.734
-1 -1
60 146.3557310118056
81.679 530.9135
25 26.663411259626926
44 52
-1 -1
157.07500000000002 1963.4375
62 70
-1 -1
-1 -1
78 360
-1 -1
38 52.306787322488084
-1 -1
32 55
66 84
40 75
70 22
54 126
52 69
113.09400000000001 1017.846
-1 -1
62 70
50.264 201.056
-1 -1
18 8
-1 -1
44 175
51 94.82582717804259
43.981 153.9335
84 38
81.679 530.9135
-1 -1
119.37700000000001 1134.0815
131.943 1385.4015000000002
58 160
56 75
62.830000000000005 314.15000000000003
32 44.22166387140533
57 115.20498036109376
60 65
-1 -1
56.547000000000004 254.4615
66 260
-1 -1
55 136.2941741201471
27 31.952112606211188
69.113 380.1215
-1 -1
131.943 1385.4015000000002
88 483
68 325
55 62.18671481916375
62 183.07768842761806
69.113 380.1215
75.396 452.37600000000003
12.566 12.566
-1 -1
-1 -1
125.66000000000001 1256.6000000000001
50 100
58 210
43.981 153.9335
-1 -1
56 115
26 90
40 84
44 117
-1 -1
12.566 12.566
60 108
-1 -1
150.792 1809.5040000000001
53 164.5545122444231
100.528 804.224
12.566 12.566
58 204
-1 -1
-1 -1
66 242
62.830000000000005 314.15000000000003
82 399
106.811 907.8935
28 14
-1 -1
64 206.2873234927319
-1 -1
86 462
56 178.19090885900997
-1 -1
87.962 615.734
38 78
-1 -1
8 15
-1 -1
-1 -1
87.962 615.734
32 90
38 175
50 91.6515138991168
30 147
-1 -1
40 75.8946638440411
54 264
55 135.14228612836177
52 132
-1 -1
100.528 804.224
-1 -1
34 66
-1 -1
49 46.00093760273347
82 420
64 126
68 224.3197717545201
119.37700000000001 1134.0815
-1 -1
-1 -1
35 17.80975856096876
56 91
58 180.0
42 77.67701724618719
49 37.40421440295252
51 30.974788134868653
64 190
100.528 804.224
150.792 1809.5040000000001
-1 -1
20 12
119.37700000000001 1134.0815
30 20
43.981 153.9335
52 88
52 160
58 182.1078397711709
87.962 615.734
42 68
144.50900000000001 1661.8535000000002
44 47.83304297240559
64 140
84 440
32 15
-1 -1
22 20
55 62.18671481916375
50 156
56 103.15037566582102
-1 -1
58 190
88 480
31.415000000000003 78.53750000000001
43 77.95150736194907
-1 -1
-1 -1
157.07500000000002 1963.4375
32 63
50 144
-1 -1
-1 -1
-1 -1
68 264
64 11
18 15
32 60
38 21
26 40
62.830000000000005 314.15000000000003
-1 -1
-1 -1
94.245 706.8375000000001
12.566 12.566
56 109.98181667894016
150.792 1809.5040000000001
75.396 452.37600000000003
42 108
39 54.643732485985986
-1 -1
-1 -1
-1 -1
38 60.398675482166
52 78.66384175718855
-1 -1
56 103.15037566582102
6.283 3.1415
76 340
56.547000000000004 254.4615
119.37700000000001 1134.0815
82 398.71794542006757
82 360
-1 -1
-1 -1
-1 -1
90 462
-1 -1
-1 -1
64 140
88 480
98 240
56.547000000000004 254.4615
131.943 1385.4015000000002
-1 -1
-1 -1
50 147
144.50900000000001 1661.8535000000002
-1 -1
53 107.15292809811592
75.396 452.37600000000003
76 304.1052449399714
32 35
52 69
-1 -1
47 80.48097601296843
-1 -1
74 300
-1 -1
84 231
-1 -1
82 80
94.245 706.8375000000001
76 126
-1 -1
-1 -1
78 374
26 44
-1 -1
62 12
113.09400000000001 1017.846
-1 -1
72 315
45 83.8357769690244
37.698 113.09400000000001
-1 -1
45 91.71966756020963
56 40
54 26
-1 -1
58 143.99652773591453
43 76.9801110677297
72 308
157.07500000000002 1963.4375
24 26
113.09400000000001 1017.846
38 78
52 165
57 109.52140201805308
57 136.61602212039406
-1 -1
-1 -1
54 90.0
35 29.764702249476645
18 40
64 252
12.566 12.566
-1 -1
-1 -1
-1 -1
52 9
-1 -1
-1 -1
58 120
22 24
131.943 1385.4015000000002
-1 -1
72 308
48 44
50 168
18.849 28.273500000000002
-1 -1
25 29.02046691560975
48 204
62 12
50.264 201.056
42 59.39696961966999
72 176
38 38.98717737923585
45 69.93920971497717
51 21.199941037653854
-1 -1
46 25
64 16
-1 -1
6.283 3.1415
-1 -1
48 18
80 391
-1 -1
50 84
42 80
24 36
50.264 201.056
25.132 50.264
119.37700000000001 1134.0815
157.07500000000002 1963.4375
76 336
72 273.68648241635805
28 24
113.09400000000001 1017.846
38 52.74563527739832
-1 -1
144.50900000000001 1661.8535000000002
63 188.17528397746608
28 13
-1 -1
42 120
37.698 113.09400000000001
20 21
51 41.79638142231933
30 7
35 69.4509719154455
82 114
-1 -1
22 15
-1 -1
56.547000000000004 254.4615
50 40
-1 -1
62 150
82 324
55 115.14528865741751
43 66.08469943943152
81.679 530.9135
-1 -1
68 104
125.66000000000001 1256.6000000000001
66 216
58 153.6
78 437
50.264 201.056
10 19
-1 -1
62.830000000000005 314.15000000000003
28 6
31.415000000000003 78.53750000000001
40 37.416573867739416
52 69
-1 -1
10 3.872983346207417
-1 -1
98 120
31.415000000000003 78.53750000000001
131.943 1385.4015000000002
68 64
62 210
46 42
56 180
-1 -1
-1 -1
53 69.1370920707546
69.113 380.1215
65 88.72981230588023
90 462
28 40
75.396 452.37600000000003
-1 -1
157.07500000000002 1963.4375
-1 -1
40 45
38 24
69.113 380.1215
40 19
60 161
50 154
-1 -1
60 90
62 198
40 18
54 36
56 169
-1 -1
64 175
-1 -1
64 175
38 34
48 24
52 242
52 169
-1 -1
35 35.770763201251384
-1 -1
-1 -1
-1 -1
35 45.46633369868303
46 143
131.943 1385.4015000000002
30 50
44 34.46737587922817
32 29.58039891549808
-1 -1
-1 -1
60 117
69.113 380.1215
53 110.45401935901646
-1 -1
-1 -1
-1 -1
-1 -1
-1 -1
54 80
80 342
-1 -1
56 187
-1 -1
50.264 201.056
38 58.48076606885378
-1 -1
31.415000000000003 78.53750000000001
-1 -1
-1 -1
113.09400000000001 1017.846
-1 -1
69.113 380.1215
28 24
96 144
8 2
157.07500000000002 1963.4375
56 114.47270417003348
16 22
-1 -1
-1 -1
-1 -1
53 78.65150089953782
48 225
84 323
36 72
12.566 12.566
-1 -1
18 14
62.830000000000005 314.15000000000003
-1 -1
75 327.05929006217866
-1 -1
-1 -1
113.09400000000001 1017.846
64 256
50 150
-1 -1
67 238.87117343873874
51 107.78885610303135
50 12
78 266
100.528 804.224
60 168
26 40.24922359499622
52 94.02127418834527
15 6.49519052838329
71 181.40073731933947
-1 -1
-1 -1
74 340
34 18
69.113 380.1215
-1 -1
62 88
26 36
-1 -1
64 140
58 208
40 64.8074069840786
87.962 615.734
47 47.774862637165164
75.396 452.37600000000003
-1 -1
92 273
46 120
40 66.332495807108
87.962 615.734
-1 -1
-1 -1
44 21
50 114
-1 -1
-1 -1
31.415000000000003 78.53750000000001
-1 -1
56 216
46 72
-1 -1
94.245 706.8375000000001
48 135
-1 -1
32 55
-1 -1
60 183.55091255561763
100.528 804.224
54 119.73303637676612
-1 -1
40 99
58 153.9921434584037
28 33
51 109.13724158141436
87.962 615.734
-1 -1
57 148.31870246196195
10 30
-1 -1
82 425
56.547000000000004 254.4615
-1 -1
-1 -1
54 92
10 16
87.962 615.734
-1 -1
34 60
37 16.269219403523945
-1 -1
-1 -1
-1 -1
56 89.92797117693692
43.981 153.9335
-1 -1
66 260
40 60
-1 -1
-1 -1
42 68
-1 -1
-1 -1
26 42
-1 -1
-1 -1
-1 -1
82 260
44 72
-1 -1
131.943 1385.4015000000002
38 138
47 102.81436121428186
48 67.88225099390856
43.981 153.9335
24 32
18.849 28.273500000000002
-1 -1
-1 -1
-1 -1
-1 -1
-1 -1
50 136
75.396 452.37600000000003
44 33.73332921607353
34 66
36 37.469987990390386
77 321.96108206591043
40 71.38025284255981
-1 -1
54 180
49 40.172382276030994
-1 -1
28 102
-1 -1
38 4
-1 -1
26 12
-1 -1
74 322
20 24
46 103.72185026416673
46 60
54 176
-1 -1
-1 -1
76 325
-1 -1
38 24.657656011875904
113.09400000000001 1017.846
90 500
-1 -1
113.09400000000001 1017.846
63 138.901943830891
-1 -1
-1 -1
-1 -1
48 160
-1 -1
70 12
37 36.21032311371993
150.792 1809.5040000000001
48 97.48846085563153
34 30
-1 -1
33 37.31202889149825
-1 -1
16 96
144.50900000000001 1661.8535000000002
-1 -1
62.830000000000005 314.15000000000003
50 104
12.566 12.566
48 132
38 78
-1 -1
34 41.23105625617661
62 128
113.09400000000001 1017.846
-1 -1
-1 -1
42 73.22950225148331
69.113 380.1215
-1 -1
37 51.681113571594025
-1 -1
-1 -1
144.50900000000001 1661.8535000000002
80 221
37.698 113.09400000000001
-1 -1
41 80.5973789896421
64 207
131.943 1385.4015000000002
54 153
-1 -1
48 119
64 286
62.830000000000005 314.15000000000003
46 120
68 218.4856974723975
34 70
144.50900000000001 1661.8535000000002
-1 -1
64 273
44 88.99438184514796
100.528 804.224
50 24
12.566 12.566
18 8
87.962 615.734
-1 -1
88 420
76 126
48 48
30 39
58 154
35 69.863147474187
-1 -1
34 30.955164709983734
82 112
42 76.47484793619341
-1 -1
64 14
46 102
38 105
46 40
27 31.952112606211188
-1 -1
43.981 153.9335
50.264 201.056
113.09400000000001 1017.846
42 20
150.792 1809.5040000000001
37 53.440972109421814
-1 -1
18.849 28.273500000000002
66 216
40 42.42640687119285
-1 -1
-1 -1
58 234
-1 -1
94.245 706.8375000000001
-1 -1
64 231
-1 -1
-1 -1
66 266
46 42
94.245 706.8375000000001
-1 -1
50.264 201.056
-1 -1
76 288
-1 -1
-1 -1
56 147
54 98.5900603509299
60 176
-1 -1
-1 -1
125.66000000000001 1256.6000000000001
44 72
-1 -1
60 225
31 17.66175246118006
-1 -1
-1 -1
76 276.6658634526493
-1 -1
60 172.33687939614086
28 40
-1 -1
18.849 28.273500000000002
54 73.48469228349535
-1 -1
-1 -1
125.66000000000001 1256.6000000000001
34 66
-1 -1
40 38.14044936220627
47 77.38390064162182
31.415000000000003 78.53750000000001
138.226 1520.486
26 40
25.132 50.264
70 304
-1 -1
46 49.14264950122246
82 420
56 80
44 20
24 26.832815729997478
26 24
81.679 530.9135
-1 -1
157.07500000000002 1963.4375
100.528 804.224
51 96.58252219604746
28 40
6.283 3.1415
68 285
37.698 113.09400000000001
-1 -1
125.66000000000001 1256.6000000000001
26 22
-1 -1
-1 -1
64 140
66 32
53 90.54522350737227
47 28.318501019651446
-1 -1
70 306
157.07500000000002 1963.4375
48 63
56.547000000000004 254.4615
51 114.2230700087431
157.07500000000002 1963.4375
119.37700000000001 1134.0815
-1 -1
-1 -1
52 25
10 4
21 20.33316256758894
68 280
46 4
-1 -1
-1 -1
58 180
58 120
22 30
-1 -1
45 91.9017818108006
62 150
25.132 50.264
-1 -1
58 32
45 30.937210109959096
66 272
-1 -1
94 552
-1 -1
10 16
37.698 113.09400000000001
46 64.34283176858165
-1 -1
56 171
-1 -1
54 170
56 216
44 117
46 44
50 156
54 145.44949486180954
50 36
-1 -1
-1 -1
34 52
56.547000000000004 254.4615
-1 -1
-1 -1
86 456
82 361
-1 -1
18 10
56 75
6.283 3.1415
51 73.45575198716571
57 124.76179172533246
80 400
-1 -1
-1 -1
-1 -1
58 48
53 110.3333018630368
12.566 12.566
-1 -1
46 112
100 100
40 3
144.50900000000001 1661.8535000000002
-1 -1
-1 -1
-1 -1
-1 -1
30 48
76 352
43.981 153.9335
28 110
38 48
100 100
-1 -1
48 5
-1 -1
157.07500000000002 1963.4375
61 153.38493244122773
50.264 201.056
131.943 1385.4015000000002
68 126
80 270
100.528 804.224
28 48
68 225
48 63.874877690685246
81.679 530.9135
-1 -1
56 75
60 50
81.679 530.9135
-1 -1
131.943 1385.4015000000002
-1 -1
42 10
62.830000000000005 314.15000000000003
31.415000000000003 78.53750000000001
52 264
-1 -1
-1 -1
69.113 380.1215
16 23
16 8
20 9
70 192
38 27
20 5
-1 -1
-1 -1
-1 -1
62 171.15782190715095
-1 -1
125.66000000000001 1256.6000000000001
-1 -1
100.528 804.224
52 48
37 68.22756041366274
56 114.47270417003348
-1 -1
18.849 28.273500000000002
-1 -1
-1 -1
60 216
10 6
58 90
65 200.23735915158292
-1 -1
131.943 1385.4015000000002
38 65.23802572120036
58 190
150.792 1809.5040000000001
50 103.70899457402697
12.566 12.566
-1 -1
-1 -1
-1 -1
-1 -1
84 252
56 160
42 23
60 200
58 198
74 210
-1 -1
40 99
44 105
-1 -1
40 72
157.07500000000002 1963.4375
52 105.18525324397903
-1 -1
64 183.3030277982336
84 432
51 103.81202964974725
56 171
56 77
-1 -1
58 102
74 312
58 139.59942693292118
30 56
26 66
67 226.38117744194193
48 23
36 30.59411708155671
119.37700000000001 1134.0815
50 104
60 161
70 249.84795376388414
-1 -1
58 36
60 144
-1 -1
53 121.47916488023779
-1 -1
87.962 615.734
70 264
54 180
-1 -1
-1 -1
-1 -1
53 124.44250680535168
-1 -1
-1 -1
10 4
25.132 50.264
-1 -1
56.547000000000004 254.4615
50.264 201.056
75.396 452.37600000000003
50 66
-1 -1
-1 -1
69.113 380.1215
-1 -1
72 275
24 35
52 119.58260743101398
30 18
-1 -1
-1 -1
92 220
50 80
25.132 50.264
-1 -1
37.698 113.09400000000001
69 260.9422529507247
56 14
72 294
-1 -1
-1 -1
-1 -1
-1 -1
-1 -1
-1 -1
119.37700000000001 1134.0815
-1 -1
62 228
87.962 615.734
66 216
-1 -1
62 184
38 35
62 238
150.792 1809.5040000000001
60 139.427400463467
48 44
62 238
-1 -1
-1 -1
-1 -1
-1 -1
58 174.28425057933376
72 280.59223082615813
18 76
52 105
58 110
56 147
113.09400000000001 1017.846
-1 -1
52 6
43.981 153.9335
51 119.56562005861049
50.264 201.056
-1 -1
32 48
-1 -1
70 272
-1 -1
50 2
-1 -1
37.698 113.09400000000001
94.245 706.8375000000001
70 288
80 375
-1 -1
-1 -1
52 64.4980619863884
-1 -1
32 28
72 345
38 68
-1 -1
-1 -1
87.962 615.734
-1 -1
60 146.3557310118056
81.679 530.9135
25 26.663411259626926
44 52
-1 -1
157.07500000000002 1963.4375
62 70
-1 -1
-1 -1
78 360
-1 -1
38 52.306787322488084
-1 -1
32 55
66 84
40 75
70 22
54 126
52 69
113.09400000000001 1017.846
-1 -1
62 70
50.264 201.056
-1 -1
18 8
-1 -1
44 175
51 94.82582717804259
43.981 153.9335
84 38
81.679 530.9135
-1 -1
119.37700000000001 1134.0815
131.943 1385.4015000000002
58 160
56 75
62.830000000000005 314.15000000000003
32 44.22166387140533
57 115.20498036109376
60 65
-1 -1
56.547000000000004 254.4615
66 260
-1 -1
55 136.2941741201471
27 31.952112606211188
69.113 380.1215
-1 -1
131.943 1385.4015000000002
88 483
68 325
55 62.18671481916375
62 183.07768842761806
69.113 380.1215
75.396 452.37600000000003
12.566 12.566
-1 -1
-1 -1
125.66000000000001 1256.6000000000001
50 100
58 210
43.981 153.9335
-1 -1
56 115
26 90
40 84
44 117
-1 -1
12.566 12.566
60 108
-1 -1
150.792 1809.5040000000001
53 164.5545122444231
100.528 804.224
12.566 12.566
58 204
-1 -1
-1 -1
66 242
62.830000000000005 314.15000000000003
82 399
106.811 907.8935
28 14
-1 -1
64 206.2873234927319
-1 -1
86 462
56 178.19090885900997
-1 -1
87.962 615.734
38 78
-1 -1
8 15
-1 -1
-1 -1
87.962 615.734
32 90
38 175
50 91.6515138991168
30 147
-1 -1
40 75.8946638440411
54 264
55 135.14228612836177
52 132
-1 -1
100.528 804.224
-1 -1
34 66
-1 -1
49 46.00093760273347
82 420
64 126
68 224.3197717545201
119.37700000000001 1134.0815
-1 -1
-1 -1
35 17.80975856096876
56 91
58 180.0
42 77.67701724618719
49 37.40421440295252
51 30.974788134868653
64 190
100.528 804.224
150.792 1809.5040000000001
-1 -1
20 12
119.37700000000001 1134.0815
30 20
43.981 153.9335
52 88
52 160
58 182.1078397711709
87.962 615.734
42 68
144.50900000000001 1661.8535000000002
44 47.83304297240559
64 140
84 440
32 15
-1 -1
22 20
55 62.18671481916375
50 156
56 103.15037566582102
-1 -1
58 190
88 480
31.415000000000003 78.53750000000001
43 77.95150736194907
-1 -1
-1 -1
157.07500000000002 1963.4375
32 63
50 144
-1 -1
-1 -1
-1 -1
68 264
64 11
18 15
32 60
38 21
26 40
62.830000000000005 314.15000000000003
-1 -1
-1 -1
94.245 706.8375000000001
12.566 12.566
56 109.98181667894016
150.792 1809.5040000000001
75.396 452.37600000000003
42 108
39 54.643732485985986
-1 -1
-1 -1
-1 -1
38 60.398675482166
52 78.66384175718855
-1 -1
56 103.15037566582102
6.283 3.1415
76 340
56.547000000000004 254.4615
119.37700000000001 1134.0815
82 398.71794542006757
82 360
-1 -1
-1 -1
-1 -1
90 462
-1 -1
-1 -1
64 140
88 480
98 240
56.547000000000004 254.4615
131.943 1385.4015000000002
-1 -1
-1 -1
50 147
144.50900000000001 1661.8535000000002
-1 -1
53 107.15292809811592
75.396 452.37600000000003
76 304.1052449399714
32 35
52 69
-1 -1
47 80.48097601296843
-1 -1
74 300
-1 -1
84 231
-1 -1
82 80
94.245 706.8375000000001
76 126
-1 -1
-1 -1
78 374
26 44
-1 -1
62 12
113.09400000000001 1017.846
-1 -1
72 315
45 83.8357769690244
37.698 113.09400000000001
-1 -1
45 91.71966756020963
56 40
54 26
-1 -1
58 143.99652773591453
43 76.9801110677297
72 308
157.07500000000002 1963.4375
24 26
113.09400000000001 1017.846
38 78
52 165
57 109.52140201805308
57 136.61602212039406
-1 -1
-1 -1
54 90.0
35 29.764702249476645
18 40
64 252
12.566 12.566
-1 -1
-1 -1
-1 -1
52 9
-1 -1
-1 -1
58 120
22 24
131.943 1385.4015000000002
-1 -1
72 308
48 44
50 168
18.849 28.273500000000002
-1 -1
25 29.02046691560975
48 204
62 12
50.264 201.056
42 59.39696961966999
72 176
38 38.98717737923585
45 69.93920971497717
51 21.199941037653854
-1 -1
46 25
64 16
-1 -1
6.283 3.1415
-1 -1
48 18
80 391
-1 -1
50 84
42 80
24 36
50.264 201.056
25.132 50.264
119.37700000000001 1134.0815
157.07500000000002 1963.4375
76 336
72 273.68648241635805
28 24
113.09400000000001 1017.846
38 52.74563527739832
-1 -1
144.50900000000001 1661.8535000000002
63 188.17528397746608
28 13
-1 -1
42 120
37.698 113.09400000000001
20 21
51 41.79638142231933
30 7
35 69.4509719154455
82 114
-1 -1
22 15
-1 -1
56.547000000000004 254.4615
50 40
-1 -1
62 150
82 324
55 115.14528865741751
43 66.08469943943152
81.679 530.9135
-1 -1
68 104
125.66000000000001 1256.6000000000001
66 216
58 153.6
78 437
50.264 201.056
10 19
-1 -1
62.830000000000005 314.15000000000003
28 6
31.415000000000003 78.53750000000001
40 37.416573867739416
52 69
-1 -1
10 3.872983346207417
-1 -1
98 120
31.415000000000003 78.53750000000001
131.943 1385.4015000000002
68 64
62 210
46 42
56 180
-1 -1
-1 -1
53 69.1370920707546
69.113 380.1215
65 88.72981230588023
90 462
28 40
75.396 452.37600000000003
-1 -1
157.07500000000002 1963.4375
-1 -1
40 45
38 24
69.113 380.1215
40 19
60 161
50 154
-1 -1
60 90
62 198
40 18
54 36
56 169
-1 -1
64 175
-1 -1
64 175
38 34
48 24
52 242
52 169
-1 -1
35 35.770763201251384
-1 -1
-1 -1
-1 -1
35 45.46633369868303
46 143
131.943 1385.4015000000002
30 50
44 34.46737587922817
32 29.58039891549808
-1 -1
-1 -1
60 117
69.113 380.1215
53 110.45401935901646
-1 -1
-1 -1
-1 -1
-1 -1
-1 -1
54 80
80 342
-1 -1
56 187
-1 -1
50.264 201.056
38 58.48076606885378
-1 -1
31.415000000000003 78.53750000000001
-1 -1
-1 -1
113.09400000000001 1017.846
-1 -1
69.113 380.1215
28 24
96 144
8 2
157.07500000000002 1963.4375
56 114.47270417003348
16 22
-1 -1
-1 -1
-1 -1
53 78.65150089953782
48 225
84 323
36 72
12.566 12.566
-1 -1
18 14
62.830000000000005 314.15000000000003
-1 -1
75 327.05929006217866
-1 -1
-1 -1
113.09400000000001 1017.846
64 256
50 150
-1 -1
67 238.87117343873874
51 107.78885610303135
50 12
78 266
100.528 804.224
60 168
26 40.24922359499622
52 94.02127418834527
15 6.49519052838329
71 181.40073731933947
-1 -1
-1 -1
74 340
34 18
69.113 380.1215
-1 -1
62 88
26 36
-1 -1
64 140
58 208
40 64.8074069840786
87.962 615.734
47 47.774862637165164
75.396 452.37600000000003
-1 -1
92 273
46 120
40 66.332495807108
87.962 615.734
-1 -1
-1 -1
44 21
50 114
-1 -1
-1 -1
31.415000000000003 78.53750000000001
-1 -1
56 216
46 72
-1 -1
94.245 706.8375000000001
48 135
-1 -1
32 55
-1 -1
60 183.55091255561763
100.528 804.224
54 119.73303637676612
-1 -1
40 99
58 153.9921434584037
28 33
51 109.13724158141436
87.962 615.734
-1 -1
57 148.31870246196195
10 30
-1 -1
82 425
56.547000000000004 254.4615
-1 -1
-1 -1
54 92
10 16
87.962 615.734
-1 -1
34 60
37 16.269219403523945
-1 -1
-1 -1
-1 -1
56 89.92797117693692
43.981 153.9335
-1 -1
66 260
40 60
-1 -1
-1 -1
42 68
-1 -1
-1 -1
26 42
-1 -1
-1 -1
-1 -1
82 260
44 72
-1 -1
131.943 1385.4015000000002
38 138
47 102.81436121428186
48 67.88225099390856
43.981 153.9335
24 32
18.849 28.273500000000002
-1 -1
-1 -1
-1 -1
-1 -1
-1 -1
50 136
75.396 452.37600000000003
44 33.73332921607353
34 66
36 37.469987990390386
77 321.96108206591043
40 71.38025284255981
-1 -1
54 180
49 40.172382276030994
-1 -1
28 102
-1 -1
38 4
-1 -1
26 12
-1 -1
74 322
20 24
46 103.72185026416673
46 60
54 176
-1 -1
-1 -1
76 325
-1 -1
38 24.657656011875904
113.09400000000001 1017.846
90 500
-1 -1
113.09400000000001 1017.846
63 138.901943830891
-1 -1
-1 -1
-1 -1
48 160
-1 -1
70 12
37 36.21032311371993
150.792 1809.5040000000001
48 97.48846085563153
34 30
-1 -1
33 37.31202889149825
-1 -1
16 96
144.50900000000001 1661.8535000000002
-1 -1
62.830000000000005 314.15000000000003
50 104
12.566 12.566
48 132
38 78
-1 -1
34 41.23105625617661
62 128
113.09400000000001 1017.846
-1 -1
-1 -1
42 73.22950225148331
69.113 380.1215
-1 -1
37 51.681113571594025
-1 -1
-1 -1
144.50900000000001 1661.8535000000002
80 221
37.698 113.09400000000001
-1 -1
41 80.5973789896421
64 207
131.943 1385.4015000000002
54 153
-1 -1
48 119
64 286
62.830000000000005 314.15000000000003
46 120
68 218.4856974723975
34 70
144.50900000000001 1661.8535000000002
-1 -1
64 273
44 88.99438184514796
100.528 804.224
50 24
12.566 12.566
18 8
87.962 615.734
-1 -1
88 420
76 126
48 48
30 39
58 154
35 69.863147474187
-1 -1
34 30.955164709983734
82 112
42 76.47484793619341
-1 -1
64 14
46 102
38 105
46 40
27 31.952112606211188
-1 -1
43.981 153.9335
50.264 201.056
113.09400000000001 1017.846
42 20
150.792 1809.5040000000001
37 53.440972109421814
-1 -1
18.849 28.273500000000002
66 216
40 42.42640687119285
-1 -1
-1 -1
58 234
-1 -1
94.245 706.8375000000001
-1 -1
64 231
-1 -1
-1 -1
66 266
46 42
94.245 706.8375000000001
-1 -1
50.264 201.056
-1 -1
76 288
-1 -1
-1 -1
56 147
54 98.5900603509299
