54 110
-1 -1
-1 -1
64 194.97692171126306
-1 -1
45 58.45671475544961
32 63
-1 -1
31 38.499188303131795
14 16
-1 -1
68 237.87969648542938
50.264 201.056
-1 -1
52 50
39 59.43010600697259
50 136
66 194.97692171126306
125.66000000000001 1256.6000000000001
87.962 615.734
56 25
28 24
6.283 3.1415
-1 -1
-1 -1
-1 -1
44 75.63068160475615
-1 -1
43.981 153.9335
84 437
-1 -1
-1 -1
-1 -1
-1 -1
-1 -1
21 5.9882697835017415
31.415000000000003 78.53750000000001
46 161
87.962 615.734
-1 -1
62.830000000000005 314.15000000000003
-1 -1
-1 -1
72 246.94938752708012
-1 -1
131.943 1385.4015000000002
-1 -1
-1 -1
35 17.80975856096876
66 242
66 27
60 20
-1 -1
113.09400000000001 1017.846
12.566 12.566
47 98.2926116246791
-1 -1
59 140.9336169297708
62 315
-1 -1
-1 -1
44 96
-1 -1
82 420
86 460
46 67.14164132637808
44 21
46 8
125.66000000000001 1256.6000000000001
-1 -1
48 63
88 475
43.981 153.9335
125.66000000000001 1256.6000000000001
28 66
52 144
-1 -1
69.113 380.1215
46 24
39 20.054612935681405
37.698 113.09400000000001
69.113 380.1215
-1 -1
94.245 706.8375000000001
24 16
-1 -1
-1 -1
52 168
-1 -1
72 248.54778212649575
66 216
40 66.332495807108
25.132 50.264
-1 -1
43.981 153.9335
-1 -1
76 336
-1 -1
60 130
16 42
54 110
-1 -1
-1 -1
64 194.97692171126306
-1 -1
45 58.45671475544961
32 63
-1 -1
31 38.499188303131795
14 16
-1 -1
68 237.87969648542938
50.264 201.056
-1 -1
52 50
39 59.43010600697259
50 136
66 194.97692171126306
125.66000000000001 1256.6000000000001
87.962 615.734
56 25
28 24
6.283 3.1415
-1 -1
-1 -1
-1 -1
44 75.63068160475615
-1 -1
43.981 153.9335
84 437
-1 -1
-1 -1
-1 -1
-1 -1
-1 -1
21 5.9882697835017415
31.415000000000003 78.53750000000001
46 161
87.962 615.734
-1 -1
62.830000000000005 314.15000000000003
-1 -1
-1 -1
72 246.94938752708012
-1 -1
131.943 1385.4015000000002
-1 -1
-1 -1
35 17.80975856096876
66 242
66 27
60 20
-1 -1
113.09400000000001 1017.846
12.566 12.566
47 98.2926116246791
-1 -1
59 140.9336169297708
62 315
-1 -1
-1 -1
44 96
-1 -1
82 420
86 460
46 67.14164132637808
44 21
46 8
125.66000000000001 1256.6000000000001
-1 -1
48 63
88 475
43.981 153.9335
125.66000000000001 1256.6000000000001
28 66
52 144
-1 -1
69.113 380.1215
46 24
39 20.054612935681405
37.698 113.09400000000001
69.113 380.1215
-1 -1
94.245 706.8375000000001
24 16
-1 -1
-1 -1
52 168
-1 -1
72 248.54778212649575
66 216
40 66.332495807108
25.132 50.264
-1 -1
43.981 153.9335
-1 -1
76 336
-1 -1
60 130
16 42
